Dong,복지_장애인현황등급별_Autonomous Gu_Autonomous Gu_Autonomous Gu,복지_장애인현황등급별_grade of the disabled_total_total,복지_장애인현황등급별_grade of the disabled_total_Man,복지_장애인현황등급별_grade of the disabled_total_Woman,복지_장애인현황등급별_grade of the disabled_1st Grade_total,복지_장애인현황등급별_grade of the disabled_1st Grade_Man,복지_장애인현황등급별_grade of the disabled_1st Grade_Woman,복지_장애인현황등급별_grade of the disabled_2st Grade_total,복지_장애인현황등급별_grade of the disabled_2st Grade_Man,복지_장애인현황등급별_grade of the disabled_2st Grade_Woman,복지_장애인현황등급별_grade of the disabled_3st Grade_total,복지_장애인현황등급별_grade of the disabled_3st Grade_Man,복지_장애인현황등급별_grade of the disabled_3st Grade_Woman,복지_장애인현황등급별_grade of the disabled_4st Grade_total,복지_장애인현황등급별_grade of the disabled_4st Grade_Man,복지_장애인현황등급별_grade of the disabled_4st Grade_Woman,복지_장애인현황등급별_grade of the disabled_5st Grade_total,복지_장애인현황등급별_grade of the disabled_5st Grade_Man,복지_장애인현황등급별_grade of the disabled_5st Grade_Woman,복지_장애인현황등급별_grade of the disabled_6st Grade_total,복지_장애인현황등급별_grade of the disabled_6st Grade_Man,복지_장애인현황등급별_grade of the disabled_6st Grade_Woman
Sajik-dong,Jongno-gu,347.0,200,147,42,23,19,41,26,15,56,34,22,61,30,31,72,44,28,75,43,32
Samcheong-dong,Jongno-gu,135.0,77,58,12,6,6,24,14,10,20,14,6,26,11,15,24,13,11,29,19,10
Buam-dong,Jongno-gu,370.0,208,162,37,20,17,52,28,24,58,32,26,65,29,36,64,33,31,94,66,28
Pyeongchang-dong,Jongno-gu,608.0,315,293,50,26,24,90,57,33,103,54,49,98,40,58,141,66,75,126,72,54
Muak-dong,Jongno-gu,337.0,203,134,32,21,11,51,27,24,54,37,17,58,36,22,66,35,31,76,47,29
Gyonam-dong,Jongno-gu,252.0,138,114,12,8,4,22,14,8,45,25,20,48,23,25,57,22,35,68,46,22
Gahoe-dong,Jongno-gu,197.0,111,86,18,14,4,41,23,18,31,20,11,32,12,20,38,20,18,37,22,15
Jongno 1·2·3·4(ilisamsa)-ga-dong,Jongno-gu,424.0,287,137,24,12,12,59,40,19,76,55,21,76,47,29,96,56,40,93,77,16
Jongno 5·6(oryuk)-ga-dong,Jongno-gu,309.0,195,114,22,12,10,38,26,12,43,30,13,57,31,26,74,44,30,75,52,23
Ihwa-dong,Jongno-gu,331.0,168,163,29,19,10,33,19,14,50,24,26,51,21,30,79,38,41,89,47,42
Changsin 1(il)-dong,Jongno-gu,331.0,208,123,16,11,5,36,20,16,55,42,13,61,32,29,77,38,39,86,65,21
Changsin 2(i)-dong,Jongno-gu,566.0,320,246,26,12,14,62,41,21,90,56,34,108,49,59,123,58,65,157,104,53
Changsin 3(sam)-dong,Jongno-gu,373.0,221,152,22,11,11,36,18,18,49,37,12,67,32,35,109,55,54,90,68,22
Sungin 1(il)-dong,Jongno-gu,319.0,180,139,11,8,3,50,28,22,52,36,16,57,21,36,77,43,34,72,44,28
Sungin 2(i)-dong,Jongno-gu,509.0,318,191,26,18,8,64,41,23,88,54,34,86,47,39,112,58,54,133,100,33
Cheongunhyoja-dong,Jongno-gu,612.0,337,275,144,77,67,76,43,33,93,58,35,84,34,50,92,42,50,123,83,40
Hyehwa-dong,Jongno-gu,621.0,361,260,51,29,22,95,68,27,101,61,40,92,42,50,138,68,70,144,93,51
Sogong-dong,Jung-gu,42.0,23,19,4,4,-,7,3,4,6,4,2,8,3,5,6,3,3,11,6,5
Hoehyeon-dong,Jung-gu,381.0,245,136,47,25,22,45,31,14,63,45,18,54,34,20,80,42,38,92,68,24
Myeong-dong,Jung-gu,142.0,82,60,25,12,13,22,16,6,18,9,9,19,9,10,29,13,16,29,23,6
Pil-dong,Jung-gu,188.0,111,77,24,14,10,17,10,7,20,12,8,37,20,17,33,20,13,57,35,22
Jangchung-dong,Jung-gu,231.0,125,106,15,8,7,31,17,14,35,19,16,44,18,26,53,31,22,53,32,21
Gwanghui-dong ,Jung-gu,264.0,159,105,22,14,8,31,20,11,35,24,11,53,23,30,46,29,17,77,49,28
Euljiro-dong,Jung-gu,111.0,78,33,6,2,4,8,5,3,27,22,5,22,15,7,21,15,6,27,19,8
Sindang 5(o)-dong,Jung-gu,508.0,317,191,29,21,8,47,30,17,91,57,34,90,47,43,117,68,49,134,94,40
Hwanghak-dong,Jung-gu,581.0,337,244,38,22,16,70,40,30,93,64,29,102,49,53,117,64,53,161,98,63
Jungnim-dong,Jung-gu,481.0,278,203,39,22,17,61,36,25,88,55,33,75,42,33,113,66,47,105,57,48
Sindang-dong,Jung-gu,422.0,258,164,33,22,11,65,42,23,66,42,24,69,41,28,89,43,46,100,68,32
Dasan-dong,Jung-gu,728.0,405,323,46,31,15,94,52,42,114,70,44,121,54,67,172,90,82,181,108,73
Yaksu-dong,Jung-gu,904.0,487,417,98,48,50,115,62,53,135,87,48,146,63,83,184,94,90,226,133,93
Cheonggu-dong,Jung-gu,665.0,364,301,56,30,26,90,55,35,95,63,32,113,42,71,151,74,77,160,100,60
Donghwa-dong,Jung-gu,454.0,244,210,39,21,18,69,44,25,66,41,25,79,30,49,101,49,52,100,59,41
Huam-dong,Yongsan-gu,907.0,537,370,103,62,41,138,83,55,155,93,62,146,78,68,160,86,74,205,135,70
Yongsan 2-ga-dong,Yongsan-gu,569.0,316,253,40,19,21,69,46,23,85,42,43,108,46,62,120,73,47,147,90,57
Namyeong-dong,Yongsan-gu,561.0,414,147,27,19,8,68,47,21,104,80,24,106,73,33,107,80,27,149,115,34
Wonhyoro 2(i)-dong,Yongsan-gu,548.0,301,247,29,14,15,82,42,40,100,55,45,102,42,60,103,66,37,132,82,50
Hyochang-dong,Yongsan-gu,408.0,228,180,32,20,12,55,32,23,65,37,28,70,26,44,84,45,39,102,68,34
Yongmun-dong,Yongsan-gu,456.0,241,215,42,19,23,56,27,29,69,36,33,80,41,39,87,49,38,122,69,53
Ichon 1(il)-dong,Yongsan-gu,529.0,296,233,59,32,27,76,42,34,83,56,27,92,36,56,109,58,51,110,72,38
Ichon 2(i)-dong,Yongsan-gu,398.0,220,178,35,19,16,57,33,24,60,38,22,67,32,35,95,47,48,84,51,33
Itaewon 1(il)-dong,Yongsan-gu,284.0,163,121,19,11,8,41,22,19,40,27,13,50,23,27,69,39,30,65,41,24
Itaewon 2(i)-dong,Yongsan-gu,417.0,232,185,33,16,17,47,27,20,65,45,20,69,27,42,96,47,49,107,70,37
Seobinggo-dong,Yongsan-gu,394.0,214,180,43,25,18,50,32,18,66,41,25,57,24,33,86,39,47,92,53,39
Bogwang-dong,Yongsan-gu,688.0,383,305,42,21,21,70,40,30,122,76,46,119,47,72,140,69,71,195,130,65
Cheongpa-dong,Yongsan-gu,908.0,525,383,61,37,24,140,90,50,139,87,52,122,56,66,203,100,103,243,155,88
Wonhyoro 1(il)-dong,Yongsan-gu,446.0,243,203,40,24,16,43,22,21,68,42,26,79,37,42,116,56,60,100,62,38
Hangangno-dong,Yongsan-gu,615.0,391,224,40,28,12,81,54,27,104,76,28,107,56,51,132,77,55,151,100,51
Hannam-dong,Yongsan-gu,741.0,401,340,54,27,27,83,46,37,100,64,36,120,51,69,186,95,91,198,118,80
Wangsimni 2(i)-dong,Seongdong-gu,690.0,382,308,35,25,10,74,45,29,130,73,57,136,60,76,142,69,73,173,110,63
Majang-dong,Seongdong-gu,1183.0,718,465,101,64,37,160,97,63,200,129,71,194,103,91,266,143,123,262,182,80
Sageun-dong,Seongdong-gu,441.0,247,194,30,19,11,45,29,16,72,43,29,74,24,50,106,59,47,114,73,41
Haengdang 1(il)-dong,Seongdong-gu,726.0,429,297,44,25,19,85,50,35,125,74,51,131,63,68,154,92,62,187,125,62
Haengdang 2(i)-dong,Seongdong-gu,922.0,522,400,63,33,30,126,65,61,158,88,70,132,60,72,210,119,91,233,157,76
Eungbong-dong,Seongdong-gu,560.0,307,253,34,22,12,73,41,32,86,46,40,119,63,56,132,66,66,116,69,47
Geumho 1(il)-ga-dong,Seongdong-gu,695.0,379,316,47,24,23,110,57,53,103,68,35,116,55,61,174,90,84,145,85,60
Geumho 4(sa)-ga-dong,Seongdong-gu,560.0,315,245,33,21,12,78,49,29,86,48,38,94,40,54,122,65,57,147,92,55
Seongsu 1(il)-ga1(il)-dong,Seongdong-gu,673.0,415,258,50,29,21,77,47,30,121,86,35,98,50,48,142,77,65,185,126,59
Seongsu 1(il)-ga2(i)-dong,Seongdong-gu,668.0,369,299,39,26,13,74,40,34,104,54,50,124,59,65,153,74,79,174,116,58
Seongsu 2(i)-ga1(il)-dong,Seongdong-gu,878.0,560,318,61,37,24,101,65,36,136,87,49,147,88,59,193,119,74,240,164,76
Seongsu 2(i)-ga 3(sam)-dong,Seongdong-gu,463.0,282,181,26,17,9,50,28,22,73,48,25,79,43,36,114,65,49,121,81,40
Songjeong-dong,Seongdong-gu,541.0,328,213,25,12,13,70,46,24,82,52,30,102,56,46,120,61,59,142,101,41
Yongdap-dong,Seongdong-gu,825.0,505,320,48,23,25,92,62,30,160,122,38,137,60,77,177,98,79,211,140,71
WangsimniDoseon-dong,Seongdong-gu,627.0,354,273,53,29,24,78,44,34,104,59,45,109,45,64,137,72,65,146,105,41
Geumho 2.3(i.sam)-ga-dong,Seongdong-gu,915.0,522,393,49,28,21,100,58,42,125,73,52,153,69,84,230,117,113,258,177,81
Oksu-dong,Seongdong-gu,685.0,390,295,59,32,27,83,53,30,106,60,46,109,48,61,155,81,74,173,116,57
Hwayang-dong,Gwangjin-gu,662.0,387,275,47,26,21,69,39,30,94,62,32,122,62,60,151,81,70,179,117,62
Gunja-dong,Gwangjin-gu,830.0,477,353,50,27,23,115,60,55,148,94,54,128,68,60,193,96,97,196,132,64
Junggok 1(il)-dong,Gwangjin-gu,705.0,418,287,42,18,24,102,69,33,112,75,37,93,50,43,171,90,81,185,116,69
Junggok 2(i)-dong,Gwangjin-gu,887.0,512,375,70,45,25,132,72,60,149,88,61,121,59,62,189,100,89,226,148,78
Junggok 3(sam)-dong,Gwangjin-gu,804.0,516,288,51,35,16,114,78,36,157,100,57,98,58,40,170,98,72,214,147,67
Junggok 4(sa)-dong,Gwangjin-gu,1296.0,749,547,92,58,34,165,95,70,218,133,85,204,105,99,273,144,129,344,214,130
Neung-dong,Gwangjin-gu,392.0,226,166,34,13,21,51,29,22,60,37,23,51,21,30,94,55,39,102,71,31
Guui 1(il)-dong,Gwangjin-gu,809.0,467,342,58,32,26,100,62,38,153,86,67,120,60,60,160,88,72,218,139,79
Guui 2(i)-dong,Gwangjin-gu,1170.0,699,471,77,50,27,147,86,61,179,112,67,191,106,85,247,127,120,329,218,111
Guui 3(sam)-dong,Gwangjin-gu,811.0,461,350,82,40,42,82,52,30,128,83,45,119,53,66,196,111,85,204,122,82
Gwangjang-dong,Gwangjin-gu,755.0,458,297,80,53,27,101,59,42,132,79,53,107,48,59,161,98,63,174,121,53
Jayang 1(il)-dong,Gwangjin-gu,921.0,521,400,60,37,23,98,53,45,146,80,66,179,86,93,204,112,92,234,153,81
Jayang 2(i)-dong,Gwangjin-gu,1022.0,598,424,91,46,45,136,88,48,167,100,67,150,77,73,215,117,98,263,170,93
Jayang 3(sam)-dong,Gwangjin-gu,842.0,468,374,73,37,36,110,65,45,120,75,45,124,64,60,201,90,111,214,137,77
Jayang 4(sa)-dong,Gwangjin-gu,1105.0,670,435,52,32,20,125,86,39,192,118,74,202,108,94,245,138,107,289,188,101
Hoegi-dong,Dongdaemun-gu,368.0,209,159,30,19,11,48,31,17,64,36,28,65,29,36,77,45,32,84,49,35
Hwigyeong 1(il)-dong,Dongdaemun-gu,725.0,408,317,42,18,24,86,57,29,114,70,44,107,58,49,174,91,83,202,114,88
Hwigyeong 2(i)-dong,Dongdaemun-gu,849.0,481,368,46,29,17,101,57,44,120,76,44,140,63,77,199,94,105,243,162,81
Cheongnyangni-dong,Dongdaemun-gu,1419.0,834,585,81,44,37,170,113,57,255,154,101,257,136,121,325,186,139,331,201,130
Yongsin-dong,Dongdaemun-gu,1550.0,913,637,90,60,30,196,116,80,250,158,92,286,139,147,350,178,172,378,262,116
Jegi-dong,Dongdaemun-gu,1381.0,798,583,93,64,29,154,100,54,232,144,88,266,116,150,265,142,123,371,232,139
Jeonnong 1(il)-dong,Dongdaemun-gu,1738.0,1030,708,111,65,46,202,119,83,281,174,107,298,173,125,407,233,174,439,266,173
Jeonnong 2(i)-dong,Dongdaemun-gu,909.0,526,383,61,45,16,109,58,51,151,95,56,133,64,69,214,112,102,241,152,89
Dapsimni 1(il)-dong,Dongdaemun-gu,922.0,523,399,63,31,32,112,67,45,165,97,68,154,72,82,210,107,103,218,149,69
Dapsimni 2(i)-dong,Dongdaemun-gu,1530.0,902,628,119,68,51,203,119,84,267,166,101,236,134,102,307,167,140,398,248,150
Jangan 1(il)-dong,Dongdaemun-gu,1527.0,926,601,112,69,43,183,109,74,251,165,86,226,112,114,330,192,138,425,279,146
Jangan 2(i)-dong,Dongdaemun-gu,1278.0,786,492,94,57,37,162,104,58,221,164,57,196,105,91,244,128,116,361,228,133
Imun 1(il)-dong,Dongdaemun-gu,1329.0,790,539,89,57,32,139,82,57,219,146,73,208,102,106,286,156,130,388,247,141
Imun 2(i)-dong,Dongdaemun-gu,972.0,536,436,71,45,26,125,64,61,158,107,51,163,79,84,215,101,114,240,140,100
Myeonmok 2(i)-dong,Jungnang-gu,1312.0,757,555,77,52,25,176,105,71,232,152,80,206,78,128,272,141,131,349,229,120
Myeonmok 4(sa)-dong,Jungnang-gu,1351.0,830,521,104,69,35,232,155,77,301,195,106,177,82,95,223,124,99,314,205,109
Myeonmok 5(o)-dong,Jungnang-gu,701.0,444,257,39,23,16,89,60,29,111,73,38,101,63,38,170,89,81,191,136,55
Myeonmok 7(chil)-dong,Jungnang-gu,1070.0,638,432,71,40,31,119,73,46,184,125,59,179,94,85,229,115,114,288,191,97
Sangbong 1(il)-dong,Jungnang-gu,1421.0,837,584,130,85,45,254,167,87,262,152,110,219,100,119,248,135,113,308,198,110
Sangbong 2(i)-dong,Jungnang-gu,916.0,539,377,62,45,17,84,59,25,125,85,40,133,70,63,232,108,124,280,172,108
Junghwa 1(il)-dong,Jungnang-gu,889.0,523,366,61,42,19,108,70,38,155,83,72,145,71,74,182,97,85,238,160,78
Junghwa 2(i)-dong,Jungnang-gu,1634.0,935,699,88,51,37,192,114,78,267,152,115,258,129,129,345,188,157,484,301,183
Muk 1(il)-dong,Jungnang-gu,1444.0,841,603,101,54,47,171,98,73,233,157,76,207,108,99,323,166,157,409,258,151
Muk 2(i)-dong,Jungnang-gu,907.0,532,375,58,31,27,104,63,41,148,97,51,157,73,84,190,104,86,250,164,86
Mangu 3(sam)-dong,Jungnang-gu,944.0,581,363,59,35,24,90,53,37,159,100,59,145,89,56,216,116,100,275,188,87
Sinnae 1(il)-dong,Jungnang-gu,1441.0,805,636,132,81,51,177,98,79,217,123,94,188,89,99,351,181,170,376,233,143
Sinnae 2(i)-dong,Jungnang-gu,1446.0,827,619,165,112,53,263,144,119,287,177,110,199,103,96,245,132,113,287,159,128
Myeonmokbon-dong,Jungnang-gu,1794.0,1058,736,105,63,42,201,118,83,291,178,113,311,171,140,389,205,184,497,323,174
Myeonmok 3.8(sam.pal)-dong,Jungnang-gu,1297.0,754,543,84,46,38,171,100,71,189,118,71,206,120,86,284,137,147,363,233,130
Mangubon-dong,Jungnang-gu,1772.0,1047,725,121,78,43,218,114,104,257,167,90,291,160,131,406,217,189,479,311,168
Donam 1(il)-dong,Seongbuk-gu,611.0,347,264,42,29,13,67,38,29,98,57,41,120,55,65,126,61,65,158,107,51
Donam 2(i)-dong,Seongbuk-gu,653.0,385,268,57,36,21,92,56,36,92,57,35,91,41,50,147,80,67,174,115,59
Anam-dong,Seongbuk-gu,670.0,387,283,101,59,42,92,52,40,110,76,34,98,49,49,118,63,55,151,88,63
Bomun-dong,Seongbuk-gu,605.0,333,272,35,17,18,61,38,23,115,81,34,95,41,54,140,53,87,159,103,56
Jeongneung 1(il)-dong,Seongbuk-gu,743.0,408,335,58,32,26,95,58,37,119,78,41,107,40,67,172,85,87,192,115,77
Jeongneung 2(i)-dong,Seongbuk-gu,941.0,525,416,74,35,39,135,75,60,133,87,46,149,68,81,225,116,109,225,144,81
Jeongneung 3(sam)-dong,Seongbuk-gu,826.0,472,354,50,26,24,98,64,34,134,89,45,148,65,83,179,92,87,217,136,81
Jeongneung 4(sa)-dong,Seongbuk-gu,1048.0,604,444,97,52,45,144,76,68,159,100,59,152,78,74,236,134,102,260,164,96
Gireum 1(il)-dong,Seongbuk-gu,1108.0,605,503,111,57,54,117,63,54,166,110,56,191,82,109,251,127,124,272,166,106
Gireum 2(i)-dong,Seongbuk-gu,987.0,568,419,67,33,34,96,59,37,168,105,63,141,69,72,242,126,116,273,176,97
Wolgok 1(il)-dong,Seongbuk-gu,1296.0,725,571,87,44,43,170,102,68,195,109,86,205,103,102,281,138,143,358,229,129
Wolgok 2(i)-dong,Seongbuk-gu,981.0,574,407,71,39,32,124,65,59,158,100,58,144,71,73,226,120,106,258,179,79
Jangwi 1(il)-dong,Seongbuk-gu,1153.0,663,490,54,38,16,148,84,64,187,111,76,172,90,82,264,122,142,328,218,110
Jangwi 2(i)-dong,Seongbuk-gu,1033.0,628,405,76,56,20,135,77,58,148,99,49,176,101,75,236,132,104,262,163,99
Jangwi 3(sam)-dong,Seongbuk-gu,950.0,577,373,89,55,34,137,72,65,137,88,49,135,71,64,184,104,80,268,187,81
Seongbuk-dong,Seongbuk-gu,653.0,378,275,63,38,25,78,48,30,103,68,35,99,43,56,130,67,63,180,114,66
Samseon-dong,Seongbuk-gu,1084.0,615,469,89,55,34,157,94,63,182,109,73,171,77,94,231,110,121,254,170,84
Dongseon-dong,Seongbuk-gu,622.0,357,265,89,50,39,64,34,30,78,54,24,110,53,57,126,66,60,155,100,55
Jongam-dong,Seongbuk-gu,1634.0,932,702,110,50,60,212,128,84,268,161,107,267,134,133,373,195,178,404,264,140
Seokgwan-dong,Seongbuk-gu,1769.0,1060,709,120,69,51,214,128,86,261,168,93,288,146,142,378,206,172,508,343,165
Beon 1(il)-dong,Gangbuk-gu,917.0,546,371,60,28,32,93,53,40,154,93,61,136,76,60,202,114,88,272,182,90
Beon 2(i)-dong,Gangbuk-gu,1358.0,790,568,145,85,60,254,155,99,220,133,87,191,104,87,253,128,125,295,185,110
Beon 3(sam)-dong,Gangbuk-gu,2029.0,1153,876,251,148,103,386,234,152,446,265,181,275,137,138,332,181,151,339,188,151
Suyu 1(il)-dong,Gangbuk-gu,1200.0,680,520,167,101,66,133,74,59,174,110,64,179,85,94,231,115,116,316,195,121
Suyu 2(i)-dong,Gangbuk-gu,1028.0,582,446,74,49,25,138,74,64,176,102,74,161,87,74,223,105,118,256,165,91
Suyu 3(sam)-dong,Gangbuk-gu,1145.0,674,471,87,59,28,168,99,69,170,120,50,183,93,90,224,115,109,313,188,125
Samyang-dong,Gangbuk-gu,1623.0,929,694,129,72,57,186,99,87,237,143,94,253,129,124,369,190,179,449,296,153
Mia-dong,Gangbuk-gu,1108.0,664,444,75,44,31,144,90,54,149,98,51,169,78,91,252,151,101,319,203,116
Songjung-dong,Gangbuk-gu,1509.0,887,622,88,52,36,199,115,84,243,167,76,250,135,115,318,157,161,411,261,150
Songcheon-dong,Gangbuk-gu,1618.0,941,677,91,52,39,198,118,80,238,152,86,270,121,149,367,199,168,454,299,155
Samgaksan-dong,Gangbuk-gu,1293.0,701,592,112,64,48,200,116,84,227,119,108,170,79,91,261,117,144,323,206,117
Ui-dong,Gangbuk-gu,979.0,549,430,90,53,37,119,69,50,162,86,76,159,74,85,204,122,82,245,145,100
Insu-dong,Gangbuk-gu,1680.0,952,728,166,91,75,200,110,90,251,155,96,250,123,127,358,191,167,455,282,173
Ssangmun 1(il)-dong,Dobong-gu,1028.0,614,414,76,45,31,121,71,50,168,105,63,161,84,77,232,132,100,270,177,93
Ssangmun 2(i)-dong,Dobong-gu,943.0,540,403,76,40,36,131,70,61,145,89,56,160,74,86,197,110,87,234,157,77
Ssangmun 3(sam)-dong,Dobong-gu,799.0,451,348,58,33,25,112,68,44,124,74,50,118,54,64,186,88,98,201,134,67
Ssangmun 4(sa)-dong,Dobong-gu,644.0,369,275,38,22,16,93,57,36,82,55,27,109,47,62,156,77,79,166,111,55
Banghak 1(il)-dong,Dobong-gu,1412.0,847,565,97,59,38,180,108,72,228,136,92,220,121,99,302,155,147,385,268,117
Banghak 2(i)-dong,Dobong-gu,1147.0,690,457,80,47,33,143,88,55,194,131,63,173,90,83,254,135,119,303,199,104
Banghak 3(sam)-dong,Dobong-gu,1010.0,574,436,90,50,40,143,73,70,163,95,68,128,65,63,212,103,109,274,188,86
Chang 1(il)-dong,Dobong-gu,1050.0,600,450,95,59,36,146,86,60,146,85,61,180,91,89,222,116,106,261,163,98
Chang 2(i)-dong,Dobong-gu,1222.0,713,509,93,52,41,141,81,60,187,125,62,190,99,91,270,144,126,341,212,129
Chang 3(sam)-dong,Dobong-gu,731.0,431,300,64,33,31,104,60,44,106,69,37,113,59,54,162,80,82,182,130,52
Chang 4(sa)-dong,Dobong-gu,1012.0,551,461,103,50,53,137,63,74,165,104,61,119,53,66,231,112,119,257,169,88
Chang 5(o)-dong,Dobong-gu,960.0,569,391,91,58,33,115,66,49,157,96,61,147,73,74,206,114,92,244,162,82
Dobong 1(il)-dong,Dobong-gu,1508.0,893,615,147,80,67,219,135,84,267,160,107,219,131,88,309,160,149,347,227,120
Dobong 2(i)-dong,Dobong-gu,1460.0,852,608,123,74,49,199,115,84,219,140,79,199,97,102,319,171,148,401,255,146
Wolgye 1(il)-dong,Nowon-gu,965.0,572,393,73,49,24,122,69,53,143,103,40,165,80,85,213,109,104,249,162,87
Wolgye 2(i)-dong,Nowon-gu,2227.0,1240,987,245,134,111,426,245,181,505,304,201,303,148,155,336,167,169,412,242,170
Wolgye 3(sam)-dong,Nowon-gu,1963.0,1091,872,230,139,91,339,193,146,375,227,148,268,127,141,336,160,176,415,245,170
Gongneung 2(i)-dong,Nowon-gu,1551.0,874,677,135,85,50,178,108,70,229,132,97,257,127,130,327,170,157,425,252,173
Hagye 1(il)-dong,Nowon-gu,2130.0,1090,1040,351,190,161,438,236,202,460,247,213,262,99,163,281,127,154,338,191,147
Hagye 2(i)-dong,Nowon-gu,1075.0,608,467,130,68,62,158,91,67,191,118,73,154,72,82,186,91,95,256,168,88
Junggyebon-dong,Nowon-gu,944.0,537,407,125,71,54,120,60,60,146,89,57,135,63,72,199,111,88,219,143,76
Junggye 1(il)-dong,Nowon-gu,859.0,487,372,80,52,28,128,76,52,123,75,48,127,56,71,178,89,89,223,139,84
Junggye 4(sa)-dong,Nowon-gu,1325.0,754,571,122,74,48,258,159,99,292,183,109,177,83,94,237,115,122,239,140,99
Sanggye 1(il)-dong,Nowon-gu,1929.0,1068,861,276,168,108,224,120,104,293,159,134,271,140,131,382,180,202,483,301,182
Sanggye 2(i)-dong,Nowon-gu,913.0,554,359,77,49,28,121,68,53,174,111,63,117,71,46,204,111,93,220,144,76
Sanggye 5(o)-dong,Nowon-gu,1091.0,604,487,81,48,33,132,77,55,176,104,72,183,88,95,236,109,127,283,178,105
Sanggye 8(pal)-dong,Nowon-gu,786.0,436,350,53,37,16,96,55,41,117,68,49,143,63,80,152,73,79,225,140,85
Sanggye 9(gu)-dong,Nowon-gu,766.0,425,341,82,45,37,111,65,46,123,72,51,89,44,45,182,88,94,179,111,68
Sanggye 10(sip)-dong,Nowon-gu,591.0,323,268,62,34,28,88,52,36,88,62,26,86,37,49,119,57,62,148,81,67
Sanggye 3.4(sam.sa)-dong,Nowon-gu,2160.0,1246,914,144,88,56,309,179,130,374,234,140,317,158,159,454,230,224,562,357,205
Sanggye 6.7(yuk.chil)-dong,Nowon-gu,1236.0,672,564,138,74,64,173,92,81,190,116,74,171,78,93,269,134,135,295,178,117
Junggye 2.3(i.sam)-dong,Nowon-gu,3270.0,1787,1483,515,283,232,683,385,298,625,369,256,418,207,211,472,238,234,557,305,252
Gongneung 1(il)-dong,Nowon-gu,2204.0,1223,981,218,136,82,353,196,157,400,225,175,303,148,155,413,207,206,517,311,206
Nokbeon-dong,Eunpyeong-gu,1388.0,793,595,104,65,39,151,86,65,222,141,81,231,119,112,313,155,158,367,227,140
Bulgwang 1(il)-dong,Eunpyeong-gu,1606.0,901,705,110,62,48,193,105,88,263,157,106,254,118,136,355,182,173,431,277,154
Galhyeon 1(il)-dong,Eunpyeong-gu,1125.0,649,476,73,42,31,142,83,59,204,119,85,167,84,83,238,130,108,301,191,110
Galhyeon 2(i)-dong,Eunpyeong-gu,1093.0,641,452,81,49,32,143,89,54,183,113,70,179,97,82,217,119,98,290,174,116
Gusan-dong,Eunpyeong-gu,2328.0,1745,583,510,436,74,551,462,89,383,292,91,223,138,85,303,192,111,358,225,133
Daejo-dong,Eunpyeong-gu,1338.0,755,583,93,56,37,172,97,75,219,136,83,226,111,115,300,162,138,328,193,135
Eungam 1(il)-dong,Eunpyeong-gu,1356.0,764,592,97,50,47,163,84,79,216,135,81,209,106,103,303,154,149,368,235,133
Eungam 2(i)-dong,Eunpyeong-gu,1102.0,635,467,92,58,34,133,80,53,174,105,69,180,95,85,233,128,105,290,169,121
Sinsa 1(il)-dong,Eunpyeong-gu,1130.0,648,482,91,51,40,152,99,53,166,103,63,172,73,99,246,134,112,303,188,115
Sinsa 2(i)-dong,Eunpyeong-gu,933.0,556,377,67,37,30,142,89,53,131,92,39,140,65,75,203,109,94,250,164,86
Jeungsan-dong,Eunpyeong-gu,860.0,503,357,58,31,27,117,63,54,131,86,45,132,74,58,185,95,90,237,154,83
Susaek-dong,Eunpyeong-gu,984.0,547,437,79,51,28,116,66,50,166,99,67,167,73,94,232,121,111,224,137,87
Jingwan-dong,Eunpyeong-gu,1787.0,980,807,204,118,86,228,131,97,294,176,118,255,115,140,364,184,180,442,256,186
Bulgwang 2(i)-dong,Eunpyeong-gu,1447.0,833,614,110,59,51,182,109,73,225,153,72,242,117,125,312,153,159,376,242,134
Eungam 3(sam)-dong,Eunpyeong-gu,1235.0,733,502,100,61,39,146,93,53,196,123,73,203,111,92,266,134,132,324,211,113
Yeokchon-dong,Eunpyeong-gu,2051.0,1177,874,154,85,69,235,125,110,376,219,157,342,165,177,402,217,185,542,366,176
Cheonyeon-dong,Seodaemun-gu,838.0,447,391,83,48,35,116,63,53,148,86,62,137,57,80,167,84,83,187,109,78
Hongje 1(il)-dong,Seodaemun-gu,1039.0,588,451,79,43,36,150,90,60,155,102,53,151,60,91,232,122,110,272,171,101
Hongje 3(sam)-dong,Seodaemun-gu,952.0,511,441,71,40,31,115,70,45,148,85,63,148,69,79,227,103,124,243,144,99
Hongje 2(i)-dong,Seodaemun-gu,626.0,344,282,69,37,32,78,49,29,93,62,31,98,47,51,139,64,75,149,85,64
Hongeun 1(il)-dong,Seodaemun-gu,1149.0,634,515,85,48,37,152,89,63,161,92,69,200,98,102,253,132,121,298,175,123
Hongeun 2(i)-dong,Seodaemun-gu,1247.0,703,544,103,57,46,175,102,73,196,127,69,186,95,91,271,137,134,316,185,131
Namgajwa 1(il)-dong,Seodaemun-gu,158.0,89,69,12,7,5,22,12,10,42,22,20,22,13,9,30,15,15,30,20,10
Namgajwa 2(i)-dong,Seodaemun-gu,1390.0,766,624,108,69,39,198,105,93,232,123,109,224,101,123,310,155,155,318,213,105
Bukgajwa 1(il)-dong,Seodaemun-gu,681.0,386,295,58,31,27,96,57,39,114,69,45,89,35,54,139,72,67,185,122,63
Bukgajwa 2(i)-dong,Seodaemun-gu,1455.0,828,627,93,52,41,200,111,89,229,130,99,222,110,112,329,172,157,382,253,129
Chunghyeon-dong,Seodaemun-gu,776.0,464,312,41,26,15,96,44,52,137,94,43,127,64,63,160,92,68,215,144,71
Bugahyeon-dong,Seodaemun-gu,450.0,260,190,41,25,16,56,31,25,79,48,31,81,40,41,97,53,44,96,63,33
Sinchon-dong,Seodaemun-gu,537.0,284,253,60,40,20,60,37,23,77,46,31,90,37,53,114,51,63,136,73,63
Yeonhui-dong,Seodaemun-gu,1510.0,849,661,144,89,55,175,111,64,244,138,106,252,127,125,298,147,151,397,237,160
Yonggang-dong,Mapo-gu,549.0,311,238,46,28,18,75,38,37,94,56,38,85,44,41,101,48,53,148,97,51
Daeheung-dong,Mapo-gu,585.0,347,238,44,25,19,81,53,28,95,56,39,88,40,48,111,64,47,166,109,57
Yeomni-dong,Mapo-gu,695.0,364,331,57,33,24,82,45,37,107,59,48,126,59,67,140,57,83,183,111,72
Sinsu-dong,Mapo-gu,776.0,453,323,57,29,28,114,69,45,113,66,47,140,64,76,155,93,62,197,132,65
Seogyo-dong,Mapo-gu,814.0,490,324,68,47,21,90,60,30,116,75,41,116,64,52,212,106,106,212,138,74
Hapjeong-dong,Mapo-gu,652.0,366,286,44,26,18,82,46,36,99,60,39,106,53,53,151,70,81,170,111,59
Mangwon 1(il)-dong,Mapo-gu,966.0,567,399,66,35,31,96,58,38,150,92,58,145,67,78,219,120,99,290,195,95
Mangwon 2(i)-dong,Mapo-gu,841.0,483,358,57,31,26,115,65,50,134,75,59,130,61,69,193,106,87,212,145,67
Yeonnam-dong,Mapo-gu,675.0,382,293,62,35,27,72,43,29,101,66,35,114,51,63,136,69,67,190,118,72
Seongsan 1(il)-dong,Mapo-gu,758.0,438,320,55,30,25,85,46,39,120,72,48,117,61,56,170,96,74,211,133,78
Seongsan 2(i)-dong,Mapo-gu,1977.0,1073,904,245,135,110,349,212,137,350,208,142,304,131,173,336,159,177,393,228,165
Sangam-dong,Mapo-gu,1295.0,723,572,145,94,51,206,113,93,215,114,101,175,84,91,227,115,112,327,203,124
Dohwa-dong,Mapo-gu,821.0,448,373,83,46,37,124,80,44,131,77,54,118,46,72,176,92,84,189,107,82
Seogang-dong,Mapo-gu,732.0,408,324,68,38,30,97,56,41,111,61,50,118,58,60,162,76,86,176,119,57
gongdeok-dong,Mapo-gu,1606.0,950,656,117,76,41,217,124,93,235,141,94,277,131,146,346,192,154,414,286,128
Ahyeon-dong,Mapo-gu,700.0,417,283,43,19,24,78,48,30,120,80,40,126,68,58,151,76,75,182,126,56
Mok 1(il)-dong,Yangcheon-gu,732.0,403,329,69,34,35,103,56,47,107,57,50,104,56,48,156,75,81,193,125,68
Mok 2(i)-dong,Yangcheon-gu,1019.0,609,410,79,42,37,122,75,47,165,103,62,146,76,70,249,141,108,258,172,86
Mok 3(sam)-dong,Yangcheon-gu,888.0,526,362,56,35,21,102,62,40,184,108,76,147,83,64,179,98,81,220,140,80
Mok 4(sa)-dong,Yangcheon-gu,884.0,526,358,74,36,38,113,72,41,141,85,56,134,77,57,183,94,89,239,162,77
Sinwol 1(il)-dong,Yangcheon-gu,1277.0,796,481,76,42,34,159,90,69,229,148,81,187,114,73,275,155,120,351,247,104
Sinwol 2(i)-dong,Yangcheon-gu,950.0,548,402,57,33,24,128,76,52,144,81,63,153,76,77,213,112,101,255,170,85
Sinwol 3(sam)-dong,Yangcheon-gu,910.0,560,350,52,30,22,121,72,49,172,116,56,138,74,64,191,105,86,236,163,73
Sinwol 4(sa)-dong,Yangcheon-gu,833.0,504,329,55,36,19,112,65,47,126,85,41,128,73,55,188,97,91,224,148,76
Sinwol 5(o)-dong,Yangcheon-gu,765.0,432,333,58,30,28,104,62,42,107,70,37,115,61,54,172,84,88,209,125,84
Sinwol 6(yuk)-dong,Yangcheon-gu,583.0,385,198,32,22,10,72,50,22,88,59,29,90,50,40,140,83,57,161,121,40
Sinwol 7(chil)-dong,Yangcheon-gu,1129.0,656,473,80,44,36,139,84,55,186,115,71,163,84,79,260,131,129,301,198,103
Sinjeong 1(il)-dong,Yangcheon-gu,482.0,307,175,42,28,14,78,50,28,74,51,23,66,34,32,86,51,35,136,93,43
Sinjeong 2(i)-dong,Yangcheon-gu,811.0,474,337,66,38,28,115,78,37,151,92,59,121,54,67,179,97,82,179,115,64
Sinjeong 3(sam)-dong,Yangcheon-gu,2371.0,1371,1000,218,128,90,331,193,138,385,224,161,384,183,201,484,260,224,569,383,186
Sinjeong 6(yuk)-dong,Yangcheon-gu,528.0,282,246,56,34,22,68,38,30,87,44,43,74,35,39,110,50,60,133,81,52
Sinjeong 7(chil)-dong,Yangcheon-gu,1374.0,718,656,98,61,37,191,97,94,255,139,116,245,106,139,280,123,157,305,192,113
Mok 5(o)-dong,Yangcheon-gu,744.0,404,340,83,40,43,94,48,46,103,60,43,114,49,65,172,88,84,178,119,59
Sinjeong 4(sa)-dong,Yangcheon-gu,1624.0,1000,624,102,63,39,210,126,84,257,166,91,249,142,107,344,192,152,462,311,151
Yeomchang-dong,Gangseo-gu,1191.0,714,477,114,55,59,157,91,66,181,115,66,161,81,80,275,164,111,303,208,95
Deungchon 1(il)-dong,Gangseo-gu,769.0,420,349,55,32,23,94,46,48,125,70,55,121,56,65,166,81,85,208,135,73
Deungchon 2(i)-dong,Gangseo-gu,728.0,410,318,45,28,17,102,52,50,118,72,46,98,50,48,168,77,91,197,131,66
Deungchon 3(sam)-dong,Gangseo-gu,3682.0,2055,1627,454,271,183,829,485,344,842,505,337,496,253,243,507,244,263,554,297,257
Hwagokbon-dong,Gangseo-gu,1454.0,872,582,112,75,37,209,124,85,254,148,106,208,110,98,289,154,135,382,261,121
Hwagok 2(i)-dong,Gangseo-gu,784.0,504,280,48,22,26,101,64,37,129,92,37,117,72,45,163,96,67,226,158,68
Hwagok 3(sam)-dong,Gangseo-gu,868.0,509,359,77,45,32,118,73,45,126,80,46,149,73,76,171,89,82,227,149,78
Hwagok 4(sa)-dong,Gangseo-gu,961.0,566,395,67,40,27,114,64,50,172,111,61,160,78,82,190,100,90,258,173,85
Hwagok 6(yuk)-dong,Gangseo-gu,987.0,565,422,115,72,43,137,75,62,153,80,73,149,76,73,201,110,91,232,152,80
Hwagok 8(pal)-dong,Gangseo-gu,1060.0,626,434,62,37,25,126,77,49,184,111,73,159,74,85,224,130,94,305,197,108
Gayang 1(il)-dong,Gangseo-gu,704.0,414,290,74,50,24,100,58,42,93,56,37,87,43,44,150,71,79,200,136,64
Gayang 2(i)-dong,Gangseo-gu,2324.0,1331,993,296,177,119,606,366,240,606,348,258,252,132,120,293,145,148,271,163,108
Gayang 3(sam)-dong,Gangseo-gu,1646.0,894,752,168,101,67,311,173,138,368,205,163,280,124,156,233,121,112,286,170,116
Balsan 1(il)-dong,Gangseo-gu,1242.0,732,510,114,54,60,189,110,79,209,134,75,177,97,80,251,141,110,302,196,106
Gonghang-dong,Gangseo-gu,983.0,593,390,64,33,31,115,65,50,153,102,51,155,94,61,220,124,96,276,175,101
Banghwa 1(il)-dong,Gangseo-gu,1271.0,755,516,81,45,36,169,103,66,192,128,64,200,102,98,302,163,139,327,214,113
Banghwa 2(i)-dong,Gangseo-gu,1553.0,920,633,143,89,54,248,155,93,307,189,118,222,123,99,268,141,127,365,223,142
Banghwa 3(sam)-dong,Gangseo-gu,2006.0,1146,860,202,121,81,394,230,164,413,259,154,301,155,146,335,168,167,361,213,148
Hwagok 1(il)-dong,Gangseo-gu,2110.0,1300,810,126,80,46,227,138,89,325,206,119,334,196,138,494,294,200,604,386,218
Ujangsan-dong,Gangseo-gu,1186.0,678,508,93,53,40,150,73,77,173,97,76,185,94,91,240,126,114,345,235,110
Sindorim-dong,Guro-gu,1009.0,586,423,94,49,45,133,84,49,151,88,63,127,68,59,236,130,106,268,167,101
Guro 1(il)-dong,Guro-gu,569.0,343,226,43,25,18,77,52,25,83,56,27,89,43,46,118,66,52,159,101,58
Guro 3(sam)-dong,Guro-gu,938.0,569,369,71,49,22,97,52,45,144,89,55,151,79,72,222,122,100,253,178,75
Guro 4(sa)-dong,Guro-gu,1310.0,775,535,98,60,38,150,94,56,219,123,96,217,115,102,270,146,124,356,237,119
Guro 5(o)-dong,Guro-gu,1178.0,701,477,101,60,41,140,74,66,187,113,74,187,108,79,239,128,111,324,218,106
Gocheok 1(il)-dong,Guro-gu,1108.0,673,435,88,49,39,126,79,47,166,106,60,171,89,82,259,152,107,298,198,100
Gocheok 2(i)-dong,Guro-gu,1312.0,788,524,87,50,37,163,93,70,215,133,82,196,110,86,291,156,135,360,246,114
Gaebong 2(i)-dong,Guro-gu,1353.0,841,512,104,55,49,151,88,63,219,152,67,200,127,73,314,170,144,365,249,116
Gaebong 3(sam)-dong,Guro-gu,902.0,566,336,71,44,27,130,77,53,153,96,57,149,95,54,178,95,83,221,159,62
Oryu 1(il)-dong,Guro-gu,1015.0,618,397,70,38,32,117,72,45,174,109,65,142,86,56,212,113,99,300,200,100
Oryu 2(i)-dong,Guro-gu,1865.0,1082,783,192,112,80,245,145,100,305,185,120,273,146,127,391,197,194,459,297,162
Sugung-dong,Guro-gu,1187.0,723,464,127,80,47,154,92,62,190,116,74,182,98,84,233,129,104,301,208,93
Garibong-dong,Guro-gu,790.0,495,295,45,22,23,109,72,37,139,82,57,131,82,49,149,86,63,217,151,66
Guro 2(i)-dong,Guro-gu,1551.0,917,634,105,66,39,201,115,86,231,150,81,252,132,120,335,186,149,427,268,159
Gaebong 1(il)-dong,Guro-gu,1533.0,963,570,104,73,31,219,135,84,250,169,81,200,104,96,331,195,136,429,287,142
Gasan-dong,Geumcheon-gu,809.0,534,275,39,25,14,78,56,22,168,111,57,135,80,55,167,97,70,222,165,57
Doksan 1(il)-dong,Geumcheon-gu,1747.0,1069,678,156,90,66,300,181,119,350,221,129,226,131,95,297,156,141,418,290,128
Doksan 2(i)-dong,Geumcheon-gu,956.0,588,368,50,26,24,137,85,52,183,116,67,141,92,49,222,118,104,223,151,72
Doksan 3(sam)-dong,Geumcheon-gu,1265.0,778,487,79,49,30,140,79,61,219,133,86,196,109,87,247,140,107,384,268,116
Doksan 4(sa)-dong,Geumcheon-gu,761.0,503,258,42,27,15,83,53,30,112,76,36,116,73,43,177,107,70,231,167,64
Siheung 1(il)-dong,Geumcheon-gu,1587.0,973,614,95,56,39,213,109,104,260,169,91,245,142,103,354,211,143,420,286,134
Siheung 2(i)-dong,Geumcheon-gu,1166.0,680,486,86,59,27,161,88,73,187,125,62,215,113,102,228,110,118,289,185,104
Siheung 3(sam)-dong,Geumcheon-gu,652.0,379,273,37,15,22,81,48,33,102,65,37,108,59,49,147,73,74,177,119,58
Siheung 4(sa)-dong,Geumcheon-gu,1045.0,643,402,86,56,30,116,74,42,167,112,55,153,83,70,227,120,107,296,198,98
Siheung 5(o)-dong,Geumcheon-gu,1196.0,707,489,62,32,30,128,72,56,213,134,79,210,113,97,268,141,127,315,215,100
Yeouido-dong,Yeongdeungpo-gu,712.0,415,297,74,43,31,97,65,32,112,74,38,99,48,51,173,91,82,157,94,63
Dangsan 1(il)-dong,Yeongdeungpo-gu,849.0,498,351,60,34,26,101,65,36,117,69,48,161,97,64,180,80,100,230,153,77
Dangsan2(i)-dong,Yeongdeungpo-gu,987.0,569,418,61,35,26,106,65,41,143,89,54,153,76,77,248,119,129,276,185,91
Yangpyeong 1(il)-dong,Yeongdeungpo-gu,784.0,468,316,54,27,27,79,51,28,122,70,52,128,76,52,159,84,75,242,160,82
Yangpyeong 2(i)-dong,Yeongdeungpo-gu,683.0,417,266,52,33,19,75,41,34,118,78,40,110,51,59,156,94,62,172,120,52
Singil 1(il)-dong,Yeongdeungpo-gu,999.0,571,428,61,34,27,118,62,56,152,101,51,167,85,82,225,114,111,276,175,101
Singil 3(sam)-dong,Yeongdeungpo-gu,800.0,483,317,55,37,18,87,51,36,138,85,53,132,66,66,181,103,78,207,141,66
Singil 4(sa)-dong,Yeongdeungpo-gu,660.0,390,270,44,27,17,73,49,24,115,70,45,117,59,58,144,74,70,167,111,56
Singil 5(o)-dong,Yeongdeungpo-gu,810.0,480,330,60,40,20,99,63,36,129,88,41,140,75,65,181,88,93,201,126,75
Singil 6(yuk)-dong,Yeongdeungpo-gu,1016.0,582,434,73,42,31,124,74,50,185,112,73,167,83,84,220,114,106,247,157,90
Singil 7(chil)-dong,Yeongdeungpo-gu,480.0,254,226,37,20,17,54,26,28,80,50,30,69,27,42,120,57,63,120,74,46
Daerim 1(il)-dong,Yeongdeungpo-gu,817.0,499,318,55,33,22,88,52,36,146,92,54,141,78,63,179,118,61,208,126,82
Daerim 2(i)-dong,Yeongdeungpo-gu,797.0,506,291,49,29,20,96,60,36,126,84,42,128,76,52,163,89,74,235,168,67
Daerim 3(sam)-dong,Yeongdeungpo-gu,1181.0,718,463,63,38,25,128,80,48,190,126,64,218,116,102,242,139,103,340,219,121
Yeongdeungpobon-dong,Yeongdeungpo-gu,1119.0,689,430,80,43,37,136,82,54,162,105,57,185,104,81,236,138,98,320,217,103
Yeongdeungpo-dong,Yeongdeungpo-gu,1066.0,743,323,60,37,23,123,88,35,215,163,52,202,128,74,196,131,65,270,196,74
Dorim-dong,Yeongdeungpo-gu,858.0,514,344,52,36,16,100,55,45,149,99,50,140,80,60,168,90,78,249,154,95
Mullae-dong,Yeongdeungpo-gu,1018.0,582,436,81,45,36,111,59,52,162,102,60,156,74,82,238,126,112,270,176,94
Noryangjin 2(i)-dong,Dongjak-gu,680.0,384,296,43,24,19,85,51,34,121,74,47,103,48,55,150,75,75,178,112,66
Sangdo 1(il)-dong,Dongjak-gu,1601.0,905,696,144,91,53,215,127,88,245,132,113,203,84,119,355,185,170,439,286,153
Sangdo 2(i)-dong,Dongjak-gu,978.0,564,414,79,45,34,152,83,69,147,90,57,132,72,60,213,117,96,255,157,98
Sangdo 3(sam)-dong,Dongjak-gu,1168.0,689,479,76,50,26,148,90,58,192,124,68,185,92,93,261,132,129,306,201,105
Sangdo 4(sa)-dong,Dongjak-gu,1279.0,761,518,121,70,51,195,113,82,192,116,76,178,108,70,252,147,105,341,207,134
Sadang 1(il)-dong,Dongjak-gu,789.0,463,326,64,41,23,95,55,40,123,72,51,109,60,49,154,77,77,244,158,86
Sadang 3(sam)-dong,Dongjak-gu,836.0,480,356,68,42,26,91,55,36,145,87,58,120,61,59,180,94,86,232,141,91
Sadang 4(sa)-dong,Dongjak-gu,564.0,331,233,42,22,20,60,41,19,74,45,29,79,40,39,148,77,71,161,106,55
Sadang 5(o)-dong,Dongjak-gu,562.0,313,249,49,33,16,87,43,44,93,46,47,70,31,39,120,65,55,143,95,48
Daebang-dong,Dongjak-gu,1599.0,892,707,162,105,57,251,141,110,277,148,129,240,110,130,313,162,151,356,226,130
Sindaebang 1(il)-dong,Dongjak-gu,842.0,486,356,56,42,14,111,64,47,143,71,72,125,60,65,185,98,87,222,151,71
Sindaebang 2(i)-dong,Dongjak-gu,757.0,467,290,70,45,25,115,68,47,119,77,42,122,55,67,149,91,58,182,131,51
Heukseok-dong,Dongjak-gu,1446.0,805,641,96,64,32,204,112,92,232,146,86,203,82,121,320,158,162,391,243,148
Noryangjin 1(il)-dong,Dongjak-gu,1276.0,738,538,108,58,50,151,94,57,220,135,85,193,93,100,292,145,147,312,213,99
Sadang 2(i)-dong,Dongjak-gu,950.0,545,405,75,49,26,117,67,50,156,96,60,128,63,65,213,120,93,261,150,111
Boramae-dong,Gwanak-gu,1124.0,634,490,95,52,43,166,97,69,173,95,78,168,81,87,221,114,107,301,195,106
Cheongnim-dong,Gwanak-gu,651.0,366,285,63,37,26,79,46,33,100,64,36,92,32,60,143,73,70,174,114,60
Haengun-dong,Gwanak-gu,1189.0,711,478,89,51,38,171,101,70,237,147,90,178,92,86,222,126,96,292,194,98
Nagseongdae-dong,Gwanak-gu,560.0,318,242,39,23,16,54,29,25,108,68,40,68,38,30,132,72,60,159,88,71
Jungang-dong,Gwanak-gu,653.0,384,269,44,30,14,68,42,26,92,56,36,105,55,50,164,82,82,180,119,61
Inheon-dong,Gwanak-gu,989.0,572,417,58,32,26,104,54,50,153,104,49,149,81,68,253,134,119,272,167,105
Namhyeon-dong,Gwanak-gu,569.0,327,242,38,16,22,81,54,27,100,62,38,81,41,40,141,71,70,128,83,45
Sewon-dong,Gwanak-gu,837.0,490,347,53,27,26,116,72,44,142,91,51,117,63,54,151,77,74,258,160,98
Sinwon-dong,Gwanak-gu,867.0,504,363,51,33,18,105,67,38,141,83,58,142,73,69,192,99,93,236,149,87
Serim-dong,Gwanak-gu,844.0,520,324,57,34,23,93,56,37,133,85,48,135,75,60,202,124,78,224,146,78
Sinsa-dong,Gwanak-gu,951.0,580,371,58,30,28,120,75,45,142,85,57,140,77,63,185,105,80,306,208,98
Sillim-dong,Gwanak-gu,540.0,325,215,45,31,14,78,39,39,86,56,30,94,51,43,89,52,37,148,96,52
Nanhyang-dong,Gwanak-gu,723.0,437,286,81,49,32,98,65,33,126,73,53,104,53,51,132,77,55,182,120,62
Jowon-dong,Gwanak-gu,739.0,489,250,48,33,15,79,41,38,112,80,32,115,70,45,150,92,58,235,173,62
Daehak-dong,Gwanak-gu,653.0,394,259,34,20,14,89,52,37,112,70,42,82,44,38,148,85,63,188,123,65
Euncheon-dong,Gwanak-gu,1677.0,997,680,144,80,64,204,121,83,311,188,123,234,120,114,354,202,152,430,286,144
Seonghyeon-dong,Gwanak-gu,1520.0,869,651,113,74,39,204,120,84,267,163,104,227,110,117,317,155,162,392,247,145
Cheongnyong-dong,Gwanak-gu,1264.0,715,549,83,45,38,160,88,72,209,126,83,188,97,91,278,145,133,346,214,132
Nangok-dong,Gwanak-gu,1532.0,909,623,101,53,48,203,124,79,253,148,105,259,125,134,316,186,130,400,273,127
Samseong-dong,Gwanak-gu,1596.0,902,694,109,69,40,202,115,87,275,168,107,243,113,130,358,183,175,409,254,155
Miseong-dong,Gwanak-gu,1374.0,817,557,109,60,49,154,93,61,213,131,82,212,123,89,286,145,141,400,265,135
Seocho 1(il)-dong,Seocho-gu,486.0,286,200,53,36,17,66,36,30,79,44,35,78,36,42,106,64,42,104,70,34
Seocho 2(i)-dong,Seocho-gu,435.0,251,184,41,20,21,50,27,23,72,42,30,71,35,36,85,48,37,116,79,37
Seocho 3(sam)-dong,Seocho-gu,690.0,418,272,60,38,22,88,55,33,101,69,32,93,48,45,174,91,83,174,117,57
Seocho 4(sa)-dong,Seocho-gu,437.0,242,195,55,34,21,56,28,28,67,39,28,64,33,31,99,44,55,96,64,32
Jamwon-dong,Seocho-gu,615.0,358,257,59,40,19,87,52,35,105,58,47,97,49,48,124,62,62,143,97,46
Banpobon-dong,Seocho-gu,228.0,143,85,18,14,4,43,27,16,37,23,14,27,14,13,53,26,27,50,39,11
Banpo 1(il)-dong,Seocho-gu,629.0,358,271,54,28,26,85,49,36,95,59,36,81,40,41,154,76,78,160,106,54
Banpo 2(i)-dong,Seocho-gu,315.0,191,124,32,19,13,44,27,17,49,35,14,33,17,16,81,48,33,76,45,31
Banpo 3(sam)-dong,Seocho-gu,427.0,227,200,46,22,24,61,33,28,57,33,24,59,26,33,105,53,52,99,60,39
Banpo 4(sa)-dong,Seocho-gu,374.0,205,169,31,18,13,50,25,25,72,37,35,47,23,24,76,39,37,98,63,35
Bangbaebon-dong,Seocho-gu,519.0,290,229,56,33,23,68,39,29,76,43,33,84,35,49,118,65,53,117,75,42
Bangbae 1(il)-dong,Seocho-gu,464.0,253,211,42,19,23,54,31,23,71,33,38,58,28,30,99,51,48,140,91,49
Bangbae 2(i)-dong,Seocho-gu,917.0,514,403,68,42,26,97,47,50,143,89,54,134,69,65,225,110,115,250,157,93
Bangbae 3(sam)-dong,Seocho-gu,616.0,375,241,45,27,18,88,59,29,101,64,37,91,40,51,133,76,57,158,109,49
Bangbae 4(sa)-dong,Seocho-gu,660.0,393,267,75,46,29,93,59,34,98,52,46,95,46,49,137,86,51,162,104,58
Yangjae 1(il)-dong,Seocho-gu,1859.0,1046,813,235,134,101,311,173,138,331,201,130,243,107,136,360,191,169,379,240,139
Yangjae 2(i)-dong,Seocho-gu,693.0,422,271,61,37,24,109,66,43,112,62,50,80,49,31,142,82,60,189,126,63
Naegok-dong,Seocho-gu,419.0,293,126,55,44,11,70,58,12,95,78,17,48,23,25,77,41,36,74,49,25
Sinsa-dong,Gangnam-gu,401.0,220,181,30,14,16,44,27,17,60,39,21,62,26,36,112,56,56,93,58,35
Nonhyeon 1(il)-dong,Gangnam-gu,677.0,404,273,59,31,28,88,54,34,89,61,28,91,52,39,152,76,76,198,130,68
Nonhyeon 2(i)-dong,Gangnam-gu,559.0,340,219,46,28,18,97,59,38,67,39,28,69,28,41,129,82,47,151,104,47
Samseong 1(il)-dong,Gangnam-gu,364.0,221,143,43,27,16,48,29,19,52,30,22,43,23,20,93,55,38,85,57,28
Samseong 2(i)-dong,Gangnam-gu,648.0,374,274,59,40,19,100,48,52,84,42,42,102,54,48,150,91,59,153,99,54
Daechi 1(il)-dong,Gangnam-gu,246.0,143,103,20,15,5,34,16,18,46,31,15,26,8,18,70,42,28,50,31,19
Daechi 4(sa)-dong,Gangnam-gu,404.0,224,180,25,11,14,63,39,24,62,31,31,49,23,26,83,43,40,122,77,45
Yeoksam 1(il)-dong,Gangnam-gu,811.0,466,345,69,42,27,92,45,47,127,76,51,105,55,50,171,81,90,247,167,80
Yeoksam 2(i)-dong,Gangnam-gu,659.0,402,257,54,33,21,108,74,34,85,52,33,101,54,47,151,76,75,160,113,47
Dogok 1(il)-dong,Gangnam-gu,447.0,254,193,50,34,16,51,22,29,65,38,27,56,25,31,118,69,49,107,66,41
Dogok 2(i)-dong,Gangnam-gu,520.0,307,213,49,24,25,68,40,28,65,44,21,63,31,32,144,79,65,131,89,42
Gaepo 1(il)-dong,Gangnam-gu,672.0,384,288,64,32,32,81,47,34,127,86,41,109,54,55,148,72,76,143,93,50
Gaepo 4(sa)-dong,Gangnam-gu,662.0,376,286,56,29,27,95,58,37,125,71,54,92,42,50,138,66,72,156,110,46
Irwonbon-dong,Gangnam-gu,598.0,314,284,112,73,39,96,56,40,124,45,79,74,28,46,85,44,41,107,68,39
Irwon 1(il)-dong,Gangnam-gu,1104.0,618,486,167,105,62,220,137,83,213,124,89,147,63,84,185,86,99,172,103,69
Irwon 2(i)-dong,Gangnam-gu,1152.0,609,543,151,98,53,222,134,88,237,139,98,159,70,89,214,77,137,169,91,78
Suseo-dong,Gangnam-gu,2062.0,1127,935,295,196,99,482,276,206,504,279,225,237,106,131,278,116,162,266,154,112
Segok-dong,Gangnam-gu,1025.0,602,423,121,70,51,144,90,54,184,122,62,150,74,76,209,105,104,217,141,76
Apgujeong -dong,Gangnam-gu,536.0,302,234,68,44,24,88,45,43,76,52,24,71,23,48,117,65,52,116,73,43
Cheongdam -dong,Gangnam-gu,661.0,387,274,76,47,29,84,52,32,99,56,43,82,33,49,159,92,67,161,107,54
Daechi 2(i)-dong,Gangnam-gu,712.0,434,278,77,49,28,98,61,37,111,75,36,80,41,39,182,94,88,164,114,50
Gaepo 2(i)-dong,Gangnam-gu,787.0,438,349,70,41,29,112,61,51,133,81,52,90,40,50,148,74,74,234,141,93
Pungnap 1(il)-dong,Songpa-gu,777.0,463,314,54,39,15,94,54,40,129,85,44,92,38,54,180,98,82,228,149,79
Pungnap 2(i)-dong,Songpa-gu,864.0,528,336,84,52,32,118,78,40,148,100,48,108,58,50,199,112,87,207,128,79
Geoyeo 1(il)-dong,Songpa-gu,639.0,389,250,42,30,12,73,46,27,121,79,42,92,51,41,139,68,71,172,115,57
Geoyeo 2(i)-dong,Songpa-gu,1273.0,747,526,205,122,83,198,116,82,182,115,67,143,72,71,260,131,129,285,191,94
Macheon 1(il)-dong,Songpa-gu,1207.0,685,522,106,67,39,133,74,59,219,129,90,170,81,89,264,143,121,315,191,124
Macheon 2(i)-dong,Songpa-gu,1136.0,694,442,82,57,25,131,76,55,180,107,73,170,103,67,248,132,116,325,219,106
Bangi 1(il)-dong,Songpa-gu,463.0,275,188,46,26,20,77,39,38,63,41,22,67,35,32,93,50,43,117,84,33
Bangi 2(i)-dong,Songpa-gu,857.0,514,343,75,50,25,122,62,60,135,91,44,98,45,53,176,88,88,251,178,73
Oryun-dong,Songpa-gu,349.0,197,152,47,28,19,62,36,26,58,31,27,44,22,22,70,37,33,68,43,25
Ogeum-dong,Songpa-gu,1233.0,704,529,115,67,48,136,84,52,225,140,85,158,62,96,279,143,136,320,208,112
Songpa 1(il)-dong,Songpa-gu,761.0,446,315,55,35,20,88,49,39,116,74,42,115,47,68,162,99,63,225,142,83
Songpa 2(i)-dong,Songpa-gu,587.0,336,251,49,30,19,78,47,31,97,66,31,85,43,42,131,66,65,147,84,63
Seokchon-dong,Songpa-gu,1108.0,663,445,94,62,32,160,86,74,163,107,56,150,83,67,246,141,105,295,184,111
Samjeon-dong,Songpa-gu,1028.0,588,440,79,43,36,111,55,56,168,102,66,153,74,79,230,132,98,287,182,105
Garakbon-dong,Songpa-gu,809.0,491,318,70,46,24,119,69,50,126,83,43,109,53,56,169,88,81,216,152,64
Garak 1(il)-dong,Songpa-gu,42.0,28,14,5,2,3,7,5,2,8,7,1,6,4,2,8,5,3,8,5,3
Garak 2(i)-dong,Songpa-gu,916.0,529,387,90,57,33,95,61,34,162,101,61,102,43,59,210,110,100,257,157,100
Munjeong 1(il)-dong,Songpa-gu,613.0,345,268,51,29,22,91,50,41,105,61,44,88,44,44,117,60,57,161,101,60
Munjeong 2(i)-dong,Songpa-gu,396.0,225,171,43,24,19,60,36,24,60,35,25,64,28,36,97,53,44,72,49,23
Jangji-dong,Songpa-gu,1625.0,964,661,228,156,72,255,150,105,270,163,107,203,92,111,280,149,131,389,254,135
Jamsilbon-dong,Songpa-gu,903.0,519,384,69,35,34,106,59,47,145,89,56,137,65,72,209,110,99,237,161,76
Jamsil 4(sa)-dong,Songpa-gu,648.0,372,276,61,35,26,89,46,43,117,70,47,88,42,46,142,82,60,151,97,54
Jamsil 6(yuk)-dong,Songpa-gu,374.0,222,152,40,22,18,49,35,14,51,37,14,59,29,30,90,39,51,85,60,25
Jamsil 7(chil)-dong,Songpa-gu,194.0,107,87,18,10,8,35,17,18,19,13,6,28,14,14,48,21,27,46,32,14
Jamsil 2(i)-dong,Songpa-gu,611.0,335,276,64,39,25,85,46,39,84,41,43,67,29,38,130,71,59,181,109,72
Jamsil 3(sam)-dong,Songpa-gu,746.0,437,309,71,37,34,103,56,47,104,67,37,97,43,54,186,103,83,185,131,54
Gangil-dong,Gangdong-gu,1514.0,881,633,179,113,66,195,113,82,255,154,101,209,102,107,314,161,153,362,238,124
Sangil-dong,Gangdong-gu,985.0,581,404,151,86,65,116,70,46,147,96,51,127,54,73,193,107,86,251,168,83
Myeongil 1(il)-dong,Gangdong-gu,826.0,459,367,89,55,34,117,75,42,137,73,64,115,43,72,176,85,91,192,128,64
Myeongil 2(i)-dong,Gangdong-gu,501.0,287,214,57,32,25,66,34,32,80,46,34,69,39,30,105,57,48,124,79,45
Godeok 1(il)-dong,Gangdong-gu,587.0,346,241,72,53,19,83,49,34,97,56,41,89,48,41,111,51,60,135,89,46
Godeok 2(i)-dong,Gangdong-gu,932.0,566,366,178,134,44,94,51,43,167,101,66,122,61,61,159,74,85,212,145,67
Amsa 2(i)-dong,Gangdong-gu,499.0,313,186,49,30,19,65,37,28,74,48,26,73,52,21,118,67,51,120,79,41
Amsa 3(sam)-dong,Gangdong-gu,554.0,331,223,70,44,26,80,46,34,75,40,35,78,43,35,120,65,55,131,93,38
Cheonho 1(il)-dong,Gangdong-gu,1373.0,826,547,96,71,25,180,105,75,228,142,86,216,131,85,306,154,152,347,223,124
Cheonho 3(sam)-dong,Gangdong-gu,1303.0,776,527,99,56,43,165,100,65,223,133,90,187,97,90,291,163,128,338,227,111
Seongnae 1(il)-dong,Gangdong-gu,573.0,345,228,40,18,22,68,46,22,110,72,38,73,35,38,114,68,46,168,106,62
Seongnae 2(i)-dong,Gangdong-gu,1163.0,698,465,70,41,29,140,88,52,201,122,79,177,88,89,275,160,115,300,199,101
Seongnae 3(sam)-dong,Gangdong-gu,892.0,542,350,66,45,21,133,73,60,130,81,49,138,68,70,180,105,75,245,170,75
Dunchon 1(il)-dong,Gangdong-gu,442.0,248,194,39,25,14,60,31,29,60,31,29,62,32,30,97,48,49,124,81,43
Dunchon 2(i)-dong,Gangdong-gu,962.0,566,396,77,54,23,122,69,53,145,96,49,134,65,69,225,115,110,259,167,92
Amsa 1(il)-dong,Gangdong-gu,1599.0,950,649,122,65,57,181,112,69,265,159,106,243,122,121,366,209,157,422,283,139
Cheonho 2(i)-dong,Gangdong-gu,1798.0,1097,701,130,79,51,222,123,99,291,181,110,258,142,116,396,234,162,501,338,163
Gil-dong,Gangdong-gu,1958.0,1197,761,176,117,59,241,138,103,307,198,109,262,134,128,415,234,181,557,376,181
